/*--------------------------------*- C++ -*----------------------------------*\
| =========                 |                                                 |
| \\      /  F ield         | OpenFOAM: The Open Source CFD Toolbox           |
|  \\    /   O peration     | Version:  3.0.0                                 |
|   \\  /    A nd           | Web:      www.OpenFOAM.org                      |
|    \\/     M anipulation  |                                                 |
\*---------------------------------------------------------------------------*/
FoamFile
{
    version     2.0;
    format      ascii;
    class       regIOobject;
    location    "constant/solid/polyMesh";
    object      faceZones;
}
// * * * * * * * * * * * * * * * * * * * * * * * * * * * * * * * * * * * * * //

1
(
interface
{
    type faceZone;
faceLabels      List<label> 
1220
(
851130
851131
851132
851133
851134
851135
851136
851137
851138
851139
851140
851141
851142
851143
851144
851145
851146
851147
851148
851149
851150
851151
851152
851153
851154
851155
851156
851157
851158
851159
851160
851161
851162
851163
851164
851165
851166
851167
851168
851169
851170
851171
851172
851173
851174
851175
851176
851177
851178
851179
851180
851181
851182
851183
851184
851185
851186
851187
851188
851189
851190
851191
851192
851193
851194
851195
851196
851197
851198
851199
851200
851201
851202
851203
851204
851205
851206
851207
851208
851209
851210
851211
851212
851213
851214
851215
851216
851217
851218
851219
851220
851221
851222
851223
851224
851225
851226
851227
851228
851229
851230
851231
851232
851233
851234
851235
851236
851237
851238
851239
851240
851241
851242
851243
851244
851245
851246
851247
851248
851249
851250
851251
851252
851253
851254
851255
851256
851257
851258
851259
851260
851261
851262
851263
851264
851265
851266
851267
851268
851269
851270
851271
851272
851273
851274
851275
851276
851277
851278
851279
851280
851281
851282
851283
851284
851285
851286
851287
851288
851289
851290
851291
851292
851293
851294
851295
851296
851297
851298
851299
851300
851301
851302
851303
851304
851305
851306
851307
851308
851309
851310
851311
851312
851313
851314
851315
851316
851317
851318
851319
851320
851321
851322
851323
851324
851325
851326
851327
851328
851329
851330
851331
851332
851333
851334
851335
851336
851337
851338
851339
851340
851341
851342
851343
851344
851345
851346
851347
851348
851349
851350
851351
851352
851353
851354
851355
851356
851357
851358
851359
851360
851361
851362
851363
851364
851365
851366
851367
851368
851369
851370
851371
851372
851373
851374
851375
851376
851377
851378
851379
851380
851381
851382
851383
851384
851385
851386
851387
851388
851389
851390
851391
851392
851393
851394
851395
851396
851397
851398
851399
851400
851401
851402
851403
851404
851405
851406
851407
851408
851409
851410
851411
851412
851413
851414
851415
851416
851417
851418
851419
851420
851421
851422
851423
851424
851425
851426
851427
851428
851429
851430
851431
851432
851433
851434
851435
851436
851437
851438
851439
851440
851441
851442
851443
851444
851445
851446
851447
851448
851449
851450
851451
851452
851453
851454
851455
851456
851457
851458
851459
851460
851461
851462
851463
851464
851465
851466
851467
851468
851469
851470
851471
851472
851473
851474
851475
851476
851477
851478
851479
851480
851481
851482
851483
851484
851485
851486
851487
851488
851489
851490
851491
851492
851493
851494
851495
851496
851497
851498
851499
851500
851501
851502
851503
851504
851505
851506
851507
851508
851509
851510
851511
851512
851513
851514
851515
851516
851517
851518
851519
851520
851521
851522
851523
851524
851525
851526
851527
851528
851529
851530
851531
851532
851533
851534
851535
851536
851537
851538
851539
851540
851541
851542
851543
851544
851545
851546
851547
851548
851549
851550
851551
851552
851553
851554
851555
851556
851557
851558
851559
851560
851561
851562
851563
851564
851565
851566
851567
851568
851569
851570
851571
851572
851573
851574
851575
851576
851577
851578
851579
851580
851581
851582
851583
851584
851585
851586
851587
851588
851589
851590
851591
851592
851593
851594
851595
851596
851597
851598
851599
851600
851601
851602
851603
851604
851605
851606
851607
851608
851609
851610
851611
851612
851613
851614
851615
851616
851617
851618
851619
851620
851621
851622
851623
851624
851625
851626
851627
851628
851629
851630
851631
851632
851633
851634
851635
851636
851637
851638
851639
851640
851641
851642
851643
851644
851645
851646
851647
851648
851649
851650
851651
851652
851653
851654
851655
851656
851657
851658
851659
851660
851661
851662
851663
851664
851665
851666
851667
851668
851669
851670
851671
851672
851673
851674
851675
851676
851677
851678
851679
851680
851681
851682
851683
851684
851685
851686
851687
851688
851689
851690
851691
851692
851693
851694
851695
851696
851697
851698
851699
851700
851701
851702
851703
851704
851705
851706
851707
851708
851709
851710
851711
851712
851713
851714
851715
851716
851717
851718
851719
851720
851721
851722
851723
851724
851725
851726
851727
851728
851729
851730
851731
851732
851733
851734
851735
851736
851737
851738
851739
851740
851741
851742
851743
851744
851745
851746
851747
851748
851749
851750
851751
851752
851753
851754
851755
851756
851757
851758
851759
851760
851761
851762
851763
851764
851765
851766
851767
851768
851769
851770
851771
851772
851773
851774
851775
851776
851777
851778
851779
851780
851781
851782
851783
851784
851785
851786
851787
851788
851789
851790
851791
851792
851793
851794
851795
851796
851797
851798
851799
851800
851801
851802
851803
851804
851805
851806
851807
851808
851809
851810
851811
851812
851813
851814
851815
851816
851817
851818
851819
851820
851821
851822
851823
851824
851825
851826
851827
851828
851829
851830
851831
851832
851833
851834
851835
851836
851837
851838
851839
851840
851841
851842
851843
851844
851845
851846
851847
851848
851849
851850
851851
851852
851853
851854
851855
851856
851857
851858
851859
851860
851861
851862
851863
851864
851865
851866
851867
851868
851869
851870
851871
851872
851873
851874
851875
851876
851877
851878
851879
851880
851881
851882
851883
851884
851885
851886
851887
851888
851889
851890
851891
851892
851893
851894
851895
851896
851897
851898
851899
851900
851901
851902
851903
851904
851905
851906
851907
851908
851909
851910
851911
851912
851913
851914
851915
851916
851917
851918
851919
851920
851921
851922
851923
851924
851925
851926
851927
851928
851929
851930
851931
851932
851933
851934
851935
851936
851937
851938
851939
851940
851941
851942
851943
851944
851945
851946
851947
851948
851949
851950
851951
851952
851953
851954
851955
851956
851957
851958
851959
851960
851961
851962
851963
851964
851965
851966
851967
851968
851969
851970
851971
851972
851973
851974
851975
851976
851977
851978
851979
851980
851981
851982
851983
851984
851985
851986
851987
851988
851989
851990
851991
851992
851993
851994
851995
851996
851997
851998
851999
852000
852001
852002
852003
852004
852005
852006
852007
852008
852009
852010
852011
852012
852013
852014
852015
852016
852017
852018
852019
852020
852021
852022
852023
852024
852025
852026
852027
852028
852029
852030
852031
852032
852033
852034
852035
852036
852037
852038
852039
852040
852041
852042
852043
852044
852045
852046
852047
852048
852049
852050
852051
852052
852053
852054
852055
852056
852057
852058
852059
852060
852061
852062
852063
852064
852065
852066
852067
852068
852069
852070
852071
852072
852073
852074
852075
852076
852077
852078
852079
852080
852081
852082
852083
852084
852085
852086
852087
852088
852089
852090
852091
852092
852093
852094
852095
852096
852097
852098
852099
852100
852101
852102
852103
852104
852105
852106
852107
852108
852109
852110
852111
852112
852113
852114
852115
852116
852117
852118
852119
852120
852121
852122
852123
852124
852125
852126
852127
852128
852129
852130
852131
852132
852133
852134
852135
852136
852137
852138
852139
852140
852141
852142
852143
852144
852145
852146
852147
852148
852149
852150
852151
852152
852153
852154
852155
852156
852157
852158
852159
852160
852161
852162
852163
852164
852165
852166
852167
852168
852169
852170
852171
852172
852173
852174
852175
852176
852177
852178
852179
852180
852181
852182
852183
852184
852185
852186
852187
852188
852189
852190
852191
852192
852193
852194
852195
852196
852197
852198
852199
852200
852201
852202
852203
852204
852205
852206
852207
852208
852209
852210
852211
852212
852213
852214
852215
852216
852217
852218
852219
852220
852221
852222
852223
852224
852225
852226
852227
852228
852229
852230
852231
852232
852233
852234
852235
852236
852237
852238
852239
852240
852241
852242
852243
852244
852245
852246
852247
852248
852249
852250
852251
852252
852253
852254
852255
852256
852257
852258
852259
852260
852261
852262
852263
852264
852265
852266
852267
852268
852269
852270
852271
852272
852273
852274
852275
852276
852277
852278
852279
852280
852281
852282
852283
852284
852285
852286
852287
852288
852289
852290
852291
852292
852293
852294
852295
852296
852297
852298
852299
852300
852301
852302
852303
852304
852305
852306
852307
852308
852309
852310
852311
852312
852313
852314
852315
852316
852317
852318
852319
852320
852321
852322
852323
852324
852325
852326
852327
852328
852329
852330
852331
852332
852333
852334
852335
852336
852337
852338
852339
852340
852341
852342
852343
852344
852345
852346
852347
852348
852349
)
;
flipMap         List<bool> 1220{0};
}
)

// ************************************************************************* //
