/*--------------------------------*- C++ -*----------------------------------*\
| =========                 |                                                 |
| \\      /  F ield         | OpenFOAM: The Open Source CFD Toolbox           |
|  \\    /   O peration     | Version:  3.0.0                                 |
|   \\  /    A nd           | Web:      www.OpenFOAM.org                      |
|    \\/     M anipulation  |                                                 |
\*---------------------------------------------------------------------------*/
FoamFile
{
    version     2.0;
    format      ascii;
    class       regIOobject;
    location    "constant/air/polyMesh";
    object      faceZones;
}
// * * * * * * * * * * * * * * * * * * * * * * * * * * * * * * * * * * * * * //

1
(
interface
{
    type faceZone;
faceLabels      List<label> 
1220
(
1614421
1614422
1614423
1614424
1614425
1614426
1614427
1614428
1614429
1614430
1614431
1614432
1614433
1614434
1614435
1614436
1614437
1614438
1614439
1614440
1614441
1614442
1614443
1614444
1614445
1614446
1614447
1614448
1614449
1614450
1614451
1614452
1614453
1614454
1614455
1614456
1614457
1614458
1614459
1614460
1614461
1614462
1614463
1614464
1614465
1614466
1614467
1614468
1614469
1614470
1614471
1614472
1614473
1614474
1614475
1614476
1614477
1614478
1614479
1614480
1614481
1614482
1614483
1614484
1614485
1614486
1614487
1614488
1614489
1614490
1614491
1614492
1614493
1614494
1614495
1614496
1614497
1614498
1614499
1614500
1614501
1614502
1614503
1614504
1614505
1614506
1614507
1614508
1614509
1614510
1614511
1614512
1614513
1614514
1614515
1614516
1614517
1614518
1614519
1614520
1614521
1614522
1614523
1614524
1614525
1614526
1614527
1614528
1614529
1614530
1614531
1614532
1614533
1614534
1614535
1614536
1614537
1614538
1614539
1614540
1614541
1614542
1614543
1614544
1614545
1614546
1614547
1614548
1614549
1614550
1614551
1614552
1614553
1614554
1614555
1614556
1614557
1614558
1614559
1614560
1614561
1614562
1614563
1614564
1614565
1614566
1614567
1614568
1614569
1614570
1614571
1614572
1614573
1614574
1614575
1614576
1614577
1614578
1614579
1614580
1614581
1614582
1614583
1614584
1614585
1614586
1614587
1614588
1614589
1614590
1614591
1614592
1614593
1614594
1614595
1614596
1614597
1614598
1614599
1614600
1614601
1614602
1614603
1614604
1614605
1614606
1614607
1614608
1614609
1614610
1614611
1614612
1614613
1614614
1614615
1614616
1614617
1614618
1614619
1614620
1614621
1614622
1614623
1614624
1614625
1614626
1614627
1614628
1614629
1614630
1614631
1614632
1614633
1614634
1614635
1614636
1614637
1614638
1614639
1614640
1614641
1614642
1614643
1614644
1614645
1614646
1614647
1614648
1614649
1614650
1614651
1614652
1614653
1614654
1614655
1614656
1614657
1614658
1614659
1614660
1614661
1614662
1614663
1614664
1614665
1614666
1614667
1614668
1614669
1614670
1614671
1614672
1614673
1614674
1614675
1614676
1614677
1614678
1614679
1614680
1614681
1614682
1614683
1614684
1614685
1614686
1614687
1614688
1614689
1614690
1614691
1614692
1614693
1614694
1614695
1614696
1614697
1614698
1614699
1614700
1614701
1614702
1614703
1614704
1614705
1614706
1614707
1614708
1614709
1614710
1614711
1614712
1614713
1614714
1614715
1614716
1614717
1614718
1614719
1614720
1614721
1614722
1614723
1614724
1614725
1614726
1614727
1614728
1614729
1614730
1614731
1614732
1614733
1614734
1614735
1614736
1614737
1614738
1614739
1614740
1614741
1614742
1614743
1614744
1614745
1614746
1614747
1614748
1614749
1614750
1614751
1614752
1614753
1614754
1614755
1614756
1614757
1614758
1614759
1614760
1614761
1614762
1614763
1614764
1614765
1614766
1614767
1614768
1614769
1614770
1614771
1614772
1614773
1614774
1614775
1614776
1614777
1614778
1614779
1614780
1614781
1614782
1614783
1614784
1614785
1614786
1614787
1614788
1614789
1614790
1614791
1614792
1614793
1614794
1614795
1614796
1614797
1614798
1614799
1614800
1614801
1614802
1614803
1614804
1614805
1614806
1614807
1614808
1614809
1614810
1614811
1614812
1614813
1614814
1614815
1614816
1614817
1614818
1614819
1614820
1614821
1614822
1614823
1614824
1614825
1614826
1614827
1614828
1614829
1614830
1614831
1614832
1614833
1614834
1614835
1614836
1614837
1614838
1614839
1614840
1614841
1614842
1614843
1614844
1614845
1614846
1614847
1614848
1614849
1614850
1614851
1614852
1614853
1614854
1614855
1614856
1614857
1614858
1614859
1614860
1614861
1614862
1614863
1614864
1614865
1614866
1614867
1614868
1614869
1614870
1614871
1614872
1614873
1614874
1614875
1614876
1614877
1614878
1614879
1614880
1614881
1614882
1614883
1614884
1614885
1614886
1614887
1614888
1614889
1614890
1614891
1614892
1614893
1614894
1614895
1614896
1614897
1614898
1614899
1614900
1614901
1614902
1614903
1614904
1614905
1614906
1614907
1614908
1614909
1614910
1614911
1614912
1614913
1614914
1614915
1614916
1614917
1614918
1614919
1614920
1614921
1614922
1614923
1614924
1614925
1614926
1614927
1614928
1614929
1614930
1614931
1614932
1614933
1614934
1614935
1614936
1614937
1614938
1614939
1614940
1614941
1614942
1614943
1614944
1614945
1614946
1614947
1614948
1614949
1614950
1614951
1614952
1614953
1614954
1614955
1614956
1614957
1614958
1614959
1614960
1614961
1614962
1614963
1614964
1614965
1614966
1614967
1614968
1614969
1614970
1614971
1614972
1614973
1614974
1614975
1614976
1614977
1614978
1614979
1614980
1614981
1614982
1614983
1614984
1614985
1614986
1614987
1614988
1614989
1614990
1614991
1614992
1614993
1614994
1614995
1614996
1614997
1614998
1614999
1615000
1615001
1615002
1615003
1615004
1615005
1615006
1615007
1615008
1615009
1615010
1615011
1615012
1615013
1615014
1615015
1615016
1615017
1615018
1615019
1615020
1615021
1615022
1615023
1615024
1615025
1615026
1615027
1615028
1615029
1615030
1615031
1615032
1615033
1615034
1615035
1615036
1615037
1615038
1615039
1615040
1615041
1615042
1615043
1615044
1615045
1615046
1615047
1615048
1615049
1615050
1615051
1615052
1615053
1615054
1615055
1615056
1615057
1615058
1615059
1615060
1615061
1615062
1615063
1615064
1615065
1615066
1615067
1615068
1615069
1615070
1615071
1615072
1615073
1615074
1615075
1615076
1615077
1615078
1615079
1615080
1615081
1615082
1615083
1615084
1615085
1615086
1615087
1615088
1615089
1615090
1615091
1615092
1615093
1615094
1615095
1615096
1615097
1615098
1615099
1615100
1615101
1615102
1615103
1615104
1615105
1615106
1615107
1615108
1615109
1615110
1615111
1615112
1615113
1615114
1615115
1615116
1615117
1615118
1615119
1615120
1615121
1615122
1615123
1615124
1615125
1615126
1615127
1615128
1615129
1615130
1615131
1615132
1615133
1615134
1615135
1615136
1615137
1615138
1615139
1615140
1615141
1615142
1615143
1615144
1615145
1615146
1615147
1615148
1615149
1615150
1615151
1615152
1615153
1615154
1615155
1615156
1615157
1615158
1615159
1615160
1615161
1615162
1615163
1615164
1615165
1615166
1615167
1615168
1615169
1615170
1615171
1615172
1615173
1615174
1615175
1615176
1615177
1615178
1615179
1615180
1615181
1615182
1615183
1615184
1615185
1615186
1615187
1615188
1615189
1615190
1615191
1615192
1615193
1615194
1615195
1615196
1615197
1615198
1615199
1615200
1615201
1615202
1615203
1615204
1615205
1615206
1615207
1615208
1615209
1615210
1615211
1615212
1615213
1615214
1615215
1615216
1615217
1615218
1615219
1615220
1615221
1615222
1615223
1615224
1615225
1615226
1615227
1615228
1615229
1615230
1615231
1615232
1615233
1615234
1615235
1615236
1615237
1615238
1615239
1615240
1615241
1615242
1615243
1615244
1615245
1615246
1615247
1615248
1615249
1615250
1615251
1615252
1615253
1615254
1615255
1615256
1615257
1615258
1615259
1615260
1615261
1615262
1615263
1615264
1615265
1615266
1615267
1615268
1615269
1615270
1615271
1615272
1615273
1615274
1615275
1615276
1615277
1615278
1615279
1615280
1615281
1615282
1615283
1615284
1615285
1615286
1615287
1615288
1615289
1615290
1615291
1615292
1615293
1615294
1615295
1615296
1615297
1615298
1615299
1615300
1615301
1615302
1615303
1615304
1615305
1615306
1615307
1615308
1615309
1615310
1615311
1615312
1615313
1615314
1615315
1615316
1615317
1615318
1615319
1615320
1615321
1615322
1615323
1615324
1615325
1615326
1615327
1615328
1615329
1615330
1615331
1615332
1615333
1615334
1615335
1615336
1615337
1615338
1615339
1615340
1615341
1615342
1615343
1615344
1615345
1615346
1615347
1615348
1615349
1615350
1615351
1615352
1615353
1615354
1615355
1615356
1615357
1615358
1615359
1615360
1615361
1615362
1615363
1615364
1615365
1615366
1615367
1615368
1615369
1615370
1615371
1615372
1615373
1615374
1615375
1615376
1615377
1615378
1615379
1615380
1615381
1615382
1615383
1615384
1615385
1615386
1615387
1615388
1615389
1615390
1615391
1615392
1615393
1615394
1615395
1615396
1615397
1615398
1615399
1615400
1615401
1615402
1615403
1615404
1615405
1615406
1615407
1615408
1615409
1615410
1615411
1615412
1615413
1615414
1615415
1615416
1615417
1615418
1615419
1615420
1615421
1615422
1615423
1615424
1615425
1615426
1615427
1615428
1615429
1615430
1615431
1615432
1615433
1615434
1615435
1615436
1615437
1615438
1615439
1615440
1615441
1615442
1615443
1615444
1615445
1615446
1615447
1615448
1615449
1615450
1615451
1615452
1615453
1615454
1615455
1615456
1615457
1615458
1615459
1615460
1615461
1615462
1615463
1615464
1615465
1615466
1615467
1615468
1615469
1615470
1615471
1615472
1615473
1615474
1615475
1615476
1615477
1615478
1615479
1615480
1615481
1615482
1615483
1615484
1615485
1615486
1615487
1615488
1615489
1615490
1615491
1615492
1615493
1615494
1615495
1615496
1615497
1615498
1615499
1615500
1615501
1615502
1615503
1615504
1615505
1615506
1615507
1615508
1615509
1615510
1615511
1615512
1615513
1615514
1615515
1615516
1615517
1615518
1615519
1615520
1615521
1615522
1615523
1615524
1615525
1615526
1615527
1615528
1615529
1615530
1615531
1615532
1615533
1615534
1615535
1615536
1615537
1615538
1615539
1615540
1615541
1615542
1615543
1615544
1615545
1615546
1615547
1615548
1615549
1615550
1615551
1615552
1615553
1615554
1615555
1615556
1615557
1615558
1615559
1615560
1615561
1615562
1615563
1615564
1615565
1615566
1615567
1615568
1615569
1615570
1615571
1615572
1615573
1615574
1615575
1615576
1615577
1615578
1615579
1615580
1615581
1615582
1615583
1615584
1615585
1615586
1615587
1615588
1615589
1615590
1615591
1615592
1615593
1615594
1615595
1615596
1615597
1615598
1615599
1615600
1615601
1615602
1615603
1615604
1615605
1615606
1615607
1615608
1615609
1615610
1615611
1615612
1615613
1615614
1615615
1615616
1615617
1615618
1615619
1615620
1615621
1615622
1615623
1615624
1615625
1615626
1615627
1615628
1615629
1615630
1615631
1615632
1615633
1615634
1615635
1615636
1615637
1615638
1615639
1615640
)
;
flipMap         List<bool> 1220{1};
}
)

// ************************************************************************* //
